8
11
24.5						
24.53						
23.76						
23.51						
23.72						
23.64						
23.35						
24.15						
25.27						
26.36						
27.33						
32.49
35.81
34.66
33.58
31.99
31.06
31.51
31.65
30.86
29.46
28.9
29.84
30.16
29.56
29.19
30.43
31.17
30.68
30.35
30.81
30.32
30.99
29.99
29.32
28.46
28.08
27.93
27.99
27.91
28.75
30.57
31.39
30.82
31.24
29.89
29.33
29.49
30.8
32.88
32.53
31.96
31.52
31.12
31.4
30.23
30.16
30.8
31.35
31.28
31.8
32.62
33.16
32.74
32.27
32.69
33.24
35.26
36.64
35.99
34.71
34.57
34.31
36.04
37.99
40.53
47.34
66.1
65.09
61.32
51.97
50.08
55.27
56.98
60.3458
66.7152
65.7364
63.7993